32768
8192
64
512
2147483648
256
4194304
33554432
2097152
16777216
1048576
8
128
262144
2
1073741824
32
67108864
536870912
268435456
16384
8388608
1
131072
524288
134217728
4096
65536
2048
16
4
1024
2147483649
294912
516
2151677952
2147516416
132
67108868
2147483664
32800
2684354560
8404992
8912896
2147487744
10485760
2147484164
2181038088
2147516420
2155872258
8389636
2147487752
134250628
2155872448
2155872516
2692743174
2147487884
2156396684
2147517132
2692743884
2172650204
2290098908
2826986188
2290655949
2290148301
2831219340
2311119821
2311185357
3116462812
2848580557
2848189389
2848193485
2850290637
