128
132
140
2147483788
2147487884
2155876492
2290094220
2826965132
2826965644
2826982028
2826990220
2831184524
2831217292
2847994508
2847994572
2848060108
2848062156
2848193228
2848193484
32768
2147516416
2147516420
2147516548
2147516556
2147520652
2281738380
2290126988
2290127500
2290135692
2290152076
2827022988
2831217292
2847994508
2847994572
2848060108
2848062156
2848193228
2848193484
8388608
2155872256
2692743168
2692743296
2692743300
2692743364
2692743372
2692743884
2826961612
2826977996
2826986188
2831180492
2831213260
2831217356
2847994572
2848060108
2848062156
2848193228
2848193484
8192
2147491840
2147491844
2147491972
2684362884
2692751492
2692751556
2692752068
2692752076
2826969804
2826986188
2831180492
2831213260
2831217356
2847994572
2848060108
2848062156
2848193228
2848193484
