0.0004237288136
0.0004237288136
0.0002118644068
0.0004237288136
0.0004237288136
0.0004237288136
0.0004237288136
0.0002118644068
0.0004237288136
0.0004237288136
0.0004237288136
0.0002118644068
0.0002118644068
0.0002118644068
0.0002118644068
0.0002118644068
0.0002118644068
0.0002118644068
0.0004237288136
0.0004237288136
0.0004237288136
0.0004237288136
0.0004237288136
0.0002118644068
0.0004237288136
0.0004237288136
0.0004237288136
0.0002118644068
0.0004237288136
0.0002118644068
0.0004237288136
0.0002118644068
