0.0006355932203
0.0006355932203
0.0004237288136
0.0006355932203
0.0006355932203
0.0006355932203
0.0006355932203
0.0004237288136
0.0006355932203
0.0006355932203
0.0006355932203
0.0006355932203
0.0004237288136
0.0004237288136
0.0004237288136
0.0004237288136
0.0004237288136
0.0006355932203
0.0008474576271
0.0006355932203
0.0004237288136
0.0004237288136
0.0006355932203
0.0004237288136
0.0006355932203
0.0006355932203
0.0006355932203
0.0004237288136
0.0006355932203
0.0004237288136
0.0006355932203
0.0004237288136
