0.0006355932203
0.0008474576271
0.0006355932203
0.0006355932203
0.0006355932203
0.0008474576271
0.0006355932203
0.0006355932203
0.0006355932203
0.0006355932203
0.001059322034
0.0006355932203
0.0006355932203
0.0006355932203
0.0006355932203
0.0006355932203
0.0006355932203
0.001059322034
0.0008474576271
0.0006355932203
0.0006355932203
0.0008474576271
0.0006355932203
0.0006355932203
0.0006355932203
0.0008474576271
0.0006355932203
0.0006355932203
0.0006355932203
0.0006355932203
0.0006355932203
0.0006355932203
