0.0004237288136
0.0004237288136
0.0004237288136
0.0004237288136
0.0004237288136
0.0006355932203
0.0004237288136
0.0004237288136
0.0004237288136
0.0004237288136
0.0004237288136
0.0004237288136
0.0004237288136
0.0004237288136
0.0004237288136
0.0004237288136
0.0004237288136
0.0004237288136
0.0006355932203
0.0004237288136
0.0004237288136
0.0004237288136
0.0004237288136
0.0004237288136
0.0004237288136
0.0004237288136
0.0004237288136
0.0004237288136
0.0004237288136
0.0004237288136
0.0006355932203
0.0004237288136
