1
2147483649
2147483657
2147483661
2147483789
2147483853
2155872461
2155872973
2155873229
2290090957
2290099149
2290131917
2290148301
2294342605
2311119821
2311185357
2848056269
2848058317
2848189389
2848193485
2
8388610
2155872258
2155872262
2692743174
2692743302
2692743310
2826961038
2826961550
2826961614
2826969806
2826986190
2831180494
2831213262
2831217358
2847994574
2848060110
2848062158
2848193230
2848193486
4
132
140
2147483788
2147487884
2155876492
2290094220
2826965132
2826965644
2826982028
2826990220
2831184524
2831217292
2847994508
2847994572
2848060108
2848062156
2848193228
2848193484
8
2147483656
2147483660
2415919116
2415923212
2415923340
2424311948
2558529676
3095400588
3095401100
3095409292
3095425676
3099619980
3116397196
3116397212
3116397276
3116462812
3116464860
3116595932
16
2147483664
2155872272
2155872400
2155872404
2155872412
2290090140
2290090652
2290090716
2290098908
2290131676
2290148060
2294342364
2311119580
2847990492
2847994588
2848060124
2848062172
2848193244
2848193500
32
32800
32928
32932
2147516580
2147516588
2155905196
2155905452
2155905964
2155971500
2155979692
2290197420
2290201516
2294395820
2311173036
2848043948
2848044012
2848060396
2848062444
2848193516
64
192
8388800
2155872448
2155905216
2155905220
2155905228
2155921612
2155922124
2290139852
2290148044
2290148300
2294342604
2294342605
2311119821
2311185357
2848056269
2848058317
2848189389
2848193485
128
132
140
2147483788
2147487884
2155876492
2290094220
2826965132
2826965644
2826982028
2826990220
2831184524
2831217292
2847994508
2847994572
2848060108
2848062156
2848193228
2848193484
256
2147483904
2155872512
2155872516
2155872644
2155872652
2155872716
2155873228
2290090956
2290123724
2290131916
2290148300
2294342604
2294342605
2311119821
2311185357
2848056269
2848058317
2848189389
2848193485
512
516
2147484164
2147516932
2147516940
2147517068
2147517132
2155905740
2155922124
2290139852
2290148044
2290148300
2294342604
2294342605
2311119821
2311185357
2848056269
2848058317
2848189389
2848193485
1024
8389632
8389636
2155873284
2155873796
2692744708
2692744836
2692744900
2692744908
2826962636
2826970828
2826987212
2831181516
2831214284
2831218380
2847995596
2848061132
2848063180
2848194252
2848194508
2048
2147485696
2155874304
2155874308
2155874436
2155878532
2155878540
2290096268
2826967180
2826967692
2826984076
2826992268
2831186572
2831219340
2831219404
2831284940
2848062156
2848193228
2848193484
4096
2147487744
2147487752
2147487756
2147487884
2155876492
2290094220
2826965132
2826965644
2826982028
2826990220
2831184524
2831217292
2847994508
2847994572
2848060108
2848062156
2848193228
2848193484
8192
2147491840
2147491844
2147491972
2684362884
2692751492
2692751556
2692752068
2692752076
2826969804
2826986188
2831180492
2831213260
2831217356
2847994572
2848060108
2848062156
2848193228
2848193484
16384
8404992
2155888640
2155888768
2155888772
2692759684
2692759692
2692760204
2826977932
2826982028
2826990220
2831184524
2831217292
2847994508
2847994572
2848060108
2848062156
2848193228
2848193484
32768
2147516416
2147516420
2147516548
2147516556
2147520652
2281738380
2290126988
2290127500
2290135692
2290152076
2827022988
2831217292
2847994508
2847994572
2848060108
2848062156
2848193228
2848193484
65536
65664
8454272
2155937920
2692808832
2692808836
2692808844
2692809356
2692825740
2692829836
2692838028
2827055756
2827088524
2831282828
2848060044
2848060108
2848062156
2848193228
2848193484
131072
163840
163968
163972
2147647620
2147647628
2147651724
2156040332
2156040844
2156040908
2156049100
2156065484
2692936396
2827154124
2831348428
2848125644
2848191180
2848193228
2848193484
262144
294912
295040
295044
295052
2147778700
2147778764
2156167372
2156167884
2156168140
2290385868
2290394060
2290459596
2290475980
2294670284
2311447500
2848318412
2848322508
2848324556
2848455628
524288
8912896
2156396544
2156396548
2156396676
2156396684
2156396748
2156429516
2156430028
2290647756
2290655948
2290655949
2294850253
2294866637
2311643853
2311709389
2848580301
2848580557
2848582605
2848713677
2848717773
1048576
2148532224
2148532232
2148532360
2148532364
2148532380
2282750108
2291138716
2291139228
2291139292
2291147484
2291163868
2295358172
2312135388
2849006300
2849071836
2849072092
2849074140
2849205212
3117640668
2097152
10485760
2157969408
2157969536
2157969540
2694840452
2694840460
2829058188
2829058700
2829058764
2829066956
2833261260
2833294028
2833294029
2850071245
2850136781
2850137037
2850139085
2850155469
2850286541
2850290637
4194304
2151677952
2168455168
2168455296
2168455360
2168455368
2168455372
2176843980
2176844492
2176844508
2311062236
2311070428
2847941340
2847957724
2847961820
2848027356
3116462812
3116464860
3116595932
8388608
2155872256
2692743168
2692743296
2692743300
2692743364
2692743372
2692743884
2826961612
2826977996
2826986188
2831180492
2831213260
2831217356
2847994572
2848060108
2848062156
2848193228
2848193484
16777216
2164260864
2164260868
2164260996
2172649604
2172649668
2172649676
2172649692
2172650204
2306867932
2306876124
2843747036
2843763420
2847957724
2847961820
2848027356
3116462812
3116464860
3116595932
33554432
2181038080
2181038088
2181038216
2181038220
2181038236
2189426844
2323644572
2323645084
2323661468
2323669660
2323702428
2323702492
2327896796
2344674012
2881544924
2881610460
2881612508
2881743580
2881743836
67108864
67108868
2214592516
2214592524
2214592652
2214596748
2222985356
2357203084
2894073996
2894074508
2894082700
2894099084
2898293388
2898326156
2915103372
2915103436
2915168972
2915171020
2915302092
2915302348
134217728
134250496
134250624
134250628
134250636
2281734284
2281738380
2290126988
2290127500
2290135692
2290152076
2827022988
2831217292
2847994508
2847994572
2848060108
2848062156
2848193228
2848193484
268435456
268435460
2415919108
2415919116
2415923212
2415923340
2424311948
2558529676
3095400588
3095401100
3095409292
3095425676
3099619980
3116397196
3116397212
3116397276
3116462812
3116464860
3116595932
536870912
2684354560
2684354564
2684354692
2684354700
2684354764
2692743372
2692743884
2826961612
2826977996
2826986188
2831180492
2831213260
2831217356
2847994572
2848060108
2848062156
2848193228
2848193484
1073741824
1082130432
3229614080
3229614084
3229614596
3766485508
3766485636
3766485700
3766485708
3900703436
3900711628
3904905932
3904905948
3921683164
3921699548
3921703644
3921769180
4190204636
4190206684
4190337756
2147483648
2147516416
2147516420
2147516548
2147516556
2147520652
2281738380
2290126988
2290127500
2290135692
2290152076
2827022988
2831217292
2847994508
2847994572
2848060108
2848062156
2848193228
2848193484
