8192
2048
1073741824
16
262144
131072
1
8388608
8
65536
64
2097152
16384
4194304
524288
2
32
268435456
128
134217728
32768
4096
67108864
256
1024
33554432
2147483648
512
536870912
16777216
1048576
4
131584
163840
131073
1073742336
66048
40
516
16908288
2164260864
268500992
16896
2228224
537001984
1049088
135680
131585
16900
16842880
548
16908800
402726912
139792
8740
16843396
403775488
151062020
21111424
470884480
679617156
679617158
679617222
142762654
950149774
3097633422
2558667439
2575508157
2626888351
2577638077
2642879167
3114482351
2576071359
2577645247
