65536
66048
16843264
151060992
151060996
151069188
151069316
159457924
161555076
161686148
161686156
430121612
430121613
2577605261
2577605263
2577605295
2577605311
2577607359
2577611455
2577644223
16777216
16908288
16908800
16908804
16908932
16917124
151134852
159523460
161620612
161620620
430056076
430056077
2577539725
2577605261
2577605263
2577605295
2577605311
2577607359
2577611455
2577644223
268435456
268500992
268509184
402726912
403775488
403775616
470884480
470884484
479273092
479404164
479404165
479404173
479404685
2626888333
2626888335
2626888351
2626888383
2643665599
2643669695
2643671743
2147483648
2164260864
2164260868
2164261380
2164392452
2164400644
2166497796
2174886404
2174886532
2309104260
2309104268
2577539724
2577539725
2577605261
2577605263
2577605295
2577605311
2577607359
2577611455
2577644223
