0.0002130379207
0.0002130379207
0.0002130379207
0.0002130379207
0.0002130379207
0.0002130379207
0.0002130379207
0.0002130379207
0.0002130379207
0.0002130379207
0.0002130379207
0.0002130379207
0.0002130379207
0.0002130379207
0.0002130379207
0.0002130379207
0.0002130379207
0.0002130379207
0.0002130379207
0.0002130379207
0.0002130379207
0.0002130379207
0.0002130379207
0.0002130379207
0.0002130379207
0.0002130379207
0.0002130379207
0.0002130379207
0.0002130379207
0.0002130379207
0.0002130379207
0.0002130379207
