0.0002130379207
0.0002130379207
0.0002130379207
0.0002130379207
0.0002130379207
0.0002130379207
0.0004260758415
0.0002130379207
0.0002130379207
0.0002130379207
0.0002130379207
0.0002130379207
0.0002130379207
0.0004260758415
0.0002130379207
0.0002130379207
0.0002130379207
0.0002130379207
0.0004260758415
0.0002130379207
0.0002130379207
0.0002130379207
0.0002130379207
0.0002130379207
0.0002130379207
0.0002130379207
0.0002130379207
0.0002130379207
0.0004260758415
0.0002130379207
0.0002130379207
0.0002130379207
