0.0006391137622
0.0004260758415
0.0004260758415
0.0004260758415
0.0004260758415
0.0004260758415
0.0006391137622
0.0004260758415
0.0006391137622
0.0004260758415
0.0004260758415
0.0006391137622
0.0004260758415
0.0006391137622
0.0006391137622
0.0006391137622
0.0004260758415
0.0004260758415
0.0006391137622
0.0004260758415
0.0006391137622
0.0004260758415
0.0006391137622
0.0004260758415
0.0004260758415
0.0004260758415
0.0006391137622
0.0006391137622
0.0006391137622
0.0004260758415
0.0006391137622
0.0004260758415
