0.0006391137622
0.0006391137622
0.0006391137622
0.000852151683
0.0006391137622
0.000852151683
0.000852151683
0.0006391137622
0.0006391137622
0.0006391137622
0.000852151683
0.0006391137622
0.0006391137622
0.000852151683
0.000852151683
0.0006391137622
0.0006391137622
0.0006391137622
0.0006391137622
0.0006391137622
0.0006391137622
0.0006391137622
0.0006391137622
0.0006391137622
0.0006391137622
0.0006391137622
0.0006391137622
0.0006391137622
0.000852151683
0.0006391137622
0.0006391137622
0.0006391137622
