1
131073
131585
139777
139781
139909
134357637
142746245
142746247
142746255
411181711
2558665359
2558669455
2558671503
2558671535
2558737071
2575514287
2575514303
2575547071
2
65538
73730
134291458
134291970
134291974
142680582
142680710
142680711
142811783
142811791
411247247
2558730895
2558730911
2575508127
2575508159
2575512255
2575514303
2575547071
4
516
134218244
150995460
151003652
151003780
151134852
159523460
161620612
161620620
430056076
430056077
2577539725
2577605261
2577605263
2577605295
2577605311
2577607359
2577611455
2577644223
8
40
552
556
16777772
16908844
16908972
16917164
151134892
159523500
161620652
430056108
430056109
2577539757
2577539759
2577605295
2577605311
2577607359
2577611455
2577644223
16
131088
131600
139792
139796
139924
8528532
142746260
142746268
142746270
142746271
411181727
2558665375
2558730911
2575508127
2575508159
2575512255
2575514303
2575547071
32
544
548
8740
8868
139940
139941
8528549
8528551
142746279
142746287
411181743
2558665391
2558665407
2558730943
2575508159
2575512255
2575514303
2575547071
64
576
580
8772
134226500
134226502
142615110
142615238
142746310
679617222
679617230
948052686
948052687
3095536335
3095540431
3095540463
3095542511
3095608047
3112385263
3112418031
128
65664
16842880
16843392
16843396
151061124
151069316
159457924
161555076
161686148
161686156
430121612
430121613
2577605261
2577605263
2577605295
2577605311
2577607359
2577611455
2577644223
256
131328
131840
131844
140036
140164
8528772
142746500
142746501
142746509
411181965
411181967
2558665615
2558731151
2558731183
2558735279
2575512495
2575512511
2575514559
2575547327
512
66048
16843264
151060992
151060996
151069188
151069316
159457924
161555076
161686148
161686156
430121612
430121613
2577605261
2577605263
2577605295
2577605311
2577607359
2577611455
2577644223
1024
16778240
16843776
16844288
16844292
151062020
151070212
151070340
159458948
161556100
161687172
161687180
161687181
2309170829
2577606285
2577606287
2577606303
2577606335
2577608383
2577612479
2577645247
2048
67584
67712
67720
134285448
134285452
134285964
134294156
134294157
142682765
142813837
142813839
2290297487
2558732943
2558737039
2558737071
2575514287
2575514303
2575547071
4096
4608
135680
143872
143876
144004
8532612
142750340
159527556
159527564
159527566
159527567
427963023
2575446671
2575512207
2575512239
2575512255
2575514303
2575547071
8192
73728
268509184
402726912
403775488
403775616
470884480
470884484
479273092
479404164
479404165
479404173
479404685
2626888333
2626888335
2626888351
2626888383
2643665599
2643669695
2643671743
16384
16896
16900
25092
134242820
134242948
142631556
142762628
142762644
142762652
142762654
142762655
411198111
2558681759
2558681791
2575459007
2575524543
2575525567
2575527615
2575560383
32768
163840
164352
164356
172548
172676
2269828
136487556
144876164
161653380
161653388
430088844
2577572492
2577638028
2577638029
2577638045
2577638077
2577638079
2577640127
2577644223
65536
66048
16843264
151060992
151060996
151069188
151069316
159457924
161555076
161686148
161686156
430121612
430121613
2577605261
2577605263
2577605295
2577605311
2577607359
2577611455
2577644223
131072
131584
537002496
537002500
537002628
537010820
671228548
679617156
679617158
679617166
681714318
950149774
3097633422
3097633423
3097698959
3097698991
3114476207
3114478255
3114482351
3114515119
262144
262656
262660
270852
401924
402052
402053
8790661
75899525
210117253
210117261
210117277
2357600925
2626036381
2626101917
2626101919
2642879135
2642879167
2642883263
2642885311
524288
655360
663552
663680
663684
664196
9052804
143270532
143270533
143270541
411705997
2559189645
2559255181
2576032397
2576032413
2576032445
2576032447
2576036543
2576038591
2576071359
1048576
1049088
1180160
1188352
1188480
1188484
1188486
135406214
143794822
680665734
680665742
682762894
951198350
3098681998
3098747534
3098747535
3098747567
3115524783
3115526831
3115530927
3115563695
2097152
2228224
2228736
2236928
2236932
2237060
10625668
144843396
161620612
161620620
430056076
430056077
2577539725
2577605261
2577605263
2577605295
2577605311
2577607359
2577611455
2577644223
4194304
4194816
4325888
21103104
21103232
21111424
21111428
155329156
163717764
165814916
165814924
434250380
2581734028
2581734029
2581799565
2581799567
2581799599
2581801647
2581805743
2581838511
8388608
8388640
8389152
25166368
25166372
25166500
25297572
25305764
159523492
159523493
159523501
159523517
427958973
2575442621
2575508157
2575508159
2575512255
2575514303
2575547071
16777216
16908288
16908800
16908804
16908932
16917124
151134852
159523460
161620612
161620620
430056076
430056077
2577539725
2577605261
2577605263
2577605295
2577605311
2577607359
2577611455
2577644223
33554432
33554944
167772672
167780864
167780868
167780996
167780997
167912069
176300677
176300679
176300687
444736143
2592219791
2592219807
2592219839
2608997055
2608999103
2609000127
2609032895
2609098431
67108864
67174400
67182592
2214666240
2214666244
2214666372
2223054980
2357272708
2625708164
2625708165
2625708173
2625839245
2625839261
2625839773
2625839775
2625839807
2642617023
2642621119
2642623167
134217728
134219776
134219780
134220292
134228484
134228612
134228613
134359685
142748293
142748301
142748303
411183759
2558667407
2558667439
2558671535
2558737071
2575514287
2575514303
2575547071
268435456
268500992
268509184
402726912
403775488
403775616
470884480
470884484
479273092
479404164
479404165
479404173
479404685
2626888333
2626888335
2626888351
2626888383
2643665599
2643669695
2643671743
536870912
537001984
537002496
537002500
537002628
537010820
671228548
679617156
679617158
679617166
681714318
950149774
3097633422
3097633423
3097698959
3097698991
3114476207
3114478255
3114482351
3114515119
1073741824
1073742336
1073807872
1073816064
1073816068
1208033796
1208033924
1216422532
1216422548
1216553620
1216553628
1484989084
1484989085
3632472733
3649249949
3649249951
3649249983
3649252031
3649284799
2147483648
2164260864
2164260868
2164261380
2164392452
2164400644
2166497796
2174886404
2174886532
2309104260
2309104268
2577539724
2577539725
2577605261
2577605263
2577605295
2577605311
2577607359
2577611455
2577644223
