-0.0242497 -0.219145 0.333748
0.112139 0.247729 0.29335
-0.233525 -0.303005 0.116851
0.254326 -0.308704 0.00445835
0.0698052 -0.0712676 0.387359
-0.325688 0.106193 0.20652
-0.272365 -0.0485995 0.288886
0.112846 0.372269 0.0931757
0.261876 -0.0596391 0.296418
0.358499 0.162024 0.0722912
-0.0550393 0.35991 0.165634
0.36917 -0.0359269 0.149741
-0.113129 -0.0651266 0.378101
0.364806 -0.163089 0.017836
-0.191602 0.10997 0.333458
0.163596 -0.326765 0.162668
-0.36021 -0.105349 0.138384
-0.394225 0.0494197 0.0463082
-0.2236 0.258393 0.207933
0.163317 0.0831097 0.355555
-0.014601 -0.345384 0.201237
-0.0166741 0.0903053 0.389315
-0.0903759 -0.387618 0.0397973
0.0899416 -0.389691 0.00709212
0.294258 -0.199861 0.18294
-0.197294 -0.215084 0.273521
0.301834 0.109589 0.238508
-0.328365 0.219668 0.0626287
0.244181 0.26862 0.167984
0.156161 -0.2092 0.303065
-0.0705391 0.245409 0.307893
-0.195705 0.345388 0.0490551
