32
512
33554432
1
16777216
16384
2
2097152
1073741824
32768
268435456
536870912
64
1048576
134217728
4194304
262144
2147483648
8
524288
256
128
8388608
16
1024
8192
2048
65536
67108864
131072
4096
4
132
65792
1048704
65664
524292
192
129
6
4224
262656
67584
134218240
16896
73728
1028
132
4211200
2180
67174528
134
262660
16842880
4260480
1114752
4268160
75563136
8454816
12649088
9503360
1082196612
12650656
79757984
2176909984
2155940524
2156069564
2156071612
1083384508
2163419816
2160294584
150152892
415496888
150417084
2429025208
2564291256
2565319422
2566384318
2566384382
