67108864
67174400
67174528
75563136
79757440
79757472
79757984
2227241632
2227241648
2227241656
2227372728
2227380920
2227385016
2227387064
2227403448
2227436216
2227698360
2361916088
2630351544
2631400120
33554432
33554560
41943168
42008704
42009216
42009248
46203552
2193687200
2193695392
2193826464
2195923616
2195923624
2195925672
2195925688
2195929784
2195962552
2196224696
2330442424
2598877880
2598894264
512
66048
8454656
8454784
8454816
9503392
11600544
11731616
11731624
11739816
2159223464
2163417768
2163419816
2163419832
2163423928
2163686072
2297903800
2566339256
2566372024
2566388408
4096
4224
4198528
4264064
4264576
12653184
12784256
12784288
12792480
2160276128
2160276136
2160278184
2160278200
2160294584
2160327352
2160589496
2429024952
2563242680
2564291256
