0.0008382229673
0.0008382229673
0.0006286672255
0.0006286672255
0.0008382229673
0.0008382229673
0.0006286672255
0.0006286672255
0.0008382229673
0.0006286672255
0.001047778709
0.0008382229673
0.0008382229673
0.0008382229673
0.0008382229673
0.0008382229673
0.0006286672255
0.0008382229673
0.0008382229673
0.0006286672255
0.0006286672255
0.0008382229673
0.0008382229673
0.0006286672255
0.0008382229673
0.0006286672255
0.0008382229673
0.0006286672255
0.0008382229673
0.0006286672255
0.0008382229673
0.0006286672255
