0.0006286672255
0.0006286672255
0.0006286672255
0.0006286672255
0.0006286672255
0.0006286672255
0.0006286672255
0.0006286672255
0.0008382229673
0.0006286672255
0.0006286672255
0.0006286672255
0.0006286672255
0.0006286672255
0.0008382229673
0.0006286672255
0.0006286672255
0.0006286672255
0.0006286672255
0.0006286672255
0.0006286672255
0.0006286672255
0.0006286672255
0.0006286672255
0.0008382229673
0.0006286672255
0.0008382229673
0.0006286672255
0.0008382229673
0.0006286672255
0.0006286672255
0.0006286672255
