0.0004191114837
0.0004191114837
0.0004191114837
0.0004191114837
0.0002095557418
0.0002095557418
0.0004191114837
0.0004191114837
0.0004191114837
0.0004191114837
0.0004191114837
0.0002095557418
0.0002095557418
0.0002095557418
0.0002095557418
0.0002095557418
0.0004191114837
0.0004191114837
0.0002095557418
0.0004191114837
0.0004191114837
0.0004191114837
0.0002095557418
0.0004191114837
0.0004191114837
0.0006286672255
0.0004191114837
0.0002095557418
0.0002095557418
0.0004191114837
0.0004191114837
0.0004191114837
