1
129
65665
8454273
8454785
8585857
12780161
13042305
13050497
13050505
13066889
13066891
13066923
13066927
147284655
147286703
147286719
147319487
415754943
416803519
450357951
2
6
134
8388742
8454278
8454790
8454822
8585894
8585902
8585903
8594095
2156077743
2160272047
2160288431
2160290479
2160552623
2160552639
2160585407
2294803135
2563238591
2564287167
4
132
2180
67716
8456324
8456356
8456868
2155940516
2155940524
2156071596
2156071612
2160265916
2160274108
2160290492
2160552636
2160552638
2160585406
2294803134
2563238590
2564287166
8
65544
65672
1114248
1114760
1114792
9503400
11600552
11731624
11739816
2159223464
2163417768
2163419816
2163419832
2163423928
2163686072
2297903800
2566339256
2566372024
2566388408
16
144
148
8388756
8454292
8454804
8585876
8848020
8848028
8856220
13050524
13066908
13066940
13068988
147286716
147286718
147319486
415754942
416803518
450357950
32
544
4194848
4194976
4260512
12649120
12649136
12780208
12780216
12788408
2160272056
2160274104
2160278200
2160294584
2160327352
2160589496
2429024952
2563242680
2564291256
64
192
8388800
8389312
8454848
8585920
12780224
14877376
14885568
2162369216
2162369224
2162369256
2162371304
2162371320
2162371322
2162404090
2162666234
2296883962
2565319418
2565319422
2565335806
2566384382
128
132
2180
67716
8456324
8456356
8456868
2155940516
2155940524
2156071596
2156071612
2160265916
2160274108
2160290492
2160552636
2160552638
2160585406
2294803134
2563238590
2564287166
256
65792
65920
8454528
8455040
8455072
12649376
2160133024
2160264096
2160264104
2160264120
2160272312
2160276408
2160278456
2160294840
2160327608
2160589752
2429025208
2563242936
2564291512
512
66048
8454656
8454784
8454816
9503392
11600544
11731616
11731624
11739816
2159223464
2163417768
2163419816
2163419832
2163423928
2163686072
2297903800
2566339256
2566372024
2566388408
1024
1028
1540
67076
8455684
8455812
8586884
10684036
10684044
10692236
11740812
145958540
145958572
150152876
150152892
150154940
150417084
150433468
418868924
418868926
418901694
452456126
2048
67584
67712
8456320
12650624
12650656
12651168
2160134816
2160134832
2160134840
2160265912
2160274104
2160278200
2160294584
2160327352
2160589496
2429024952
2563242680
2564291256
4096
4224
4198528
4264064
4264576
12653184
12784256
12784288
12792480
2160276128
2160276136
2160278184
2160278200
2160294584
2160327352
2160589496
2429024952
2563242680
2564291256
8192
73728
73856
4268160
4268672
4268704
12657312
12657328
12788400
12788408
2160272056
2160274104
2160278200
2160294584
2160327352
2160589496
2429024952
2563242680
2564291256
16384
16896
4211200
4211328
4276864
12665472
12796544
12796560
12796568
12804760
13066904
13068952
13068984
147286712
147290808
147323576
415759032
416807608
450362040
32768
32896
98432
98944
8487552
8487584
12681888
2160165536
2160165552
2160165560
2160296632
2160304824
2160306872
2160323256
2160327352
2160589496
2429024952
2563242680
2564291256
65536
65664
8454272
8454784
8454816
9503392
11600544
11731616
11731624
11739816
2159223464
2163417768
2163419816
2163419832
2163423928
2163686072
2297903800
2566339256
2566372024
2566388408
131072
131584
1180160
1180288
1245824
9634432
11731584
11731592
2159215240
2159223432
2159223436
2159223468
2163417772
2163417774
2163417790
2163419838
2163681982
2297899710
2566335166
2566351550
2566384318
262144
262656
262660
8651268
8651396
8716932
8848004
8848020
8848028
8856220
13050524
13066908
13066940
13068988
147286716
147286718
147319486
415754942
416803518
450357950
524288
524292
524420
8913028
8978564
8979076
8979108
9110180
9110188
10158764
2157642412
2157650604
2159747756
2163942060
2163942076
2163944124
2164206268
2298423996
2298423998
2566859454
2566875838
2566908606
1048576
1048704
1114240
1114752
9503360
9503392
11600544
11731616
11731624
11739816
2159223464
2163417768
2163419816
2163419832
2163423928
2163686072
2297903800
2566339256
2566372024
2566388408
2097152
2097280
2097284
10485892
10486404
10551940
10683012
10683020
2158166668
2158174860
2159223436
2159223468
2163417772
2163417774
2163417790
2163419838
2163681982
2297899710
2566335166
2566351550
2566384318
4194304
4194432
4259968
4260480
12649088
12649120
12649136
12780208
12780216
12788408
2160272056
2160274104
2160278200
2160294584
2160327352
2160589496
2429024952
2563242680
2564291256
8388608
8388736
8454272
8454784
8454816
9503392
11600544
11731616
11731624
11739816
2159223464
2163417768
2163419816
2163419832
2163423928
2163686072
2297903800
2566339256
2566372024
2566388408
16777216
16842752
16842880
21037184
21037696
29426304
29426336
2176909984
2176910000
2176910008
2177041080
2177049272
2177053368
2177069752
2177071800
2177104568
2177366712
2445802168
2580019896
2581068472
33554432
33554560
41943168
42008704
42009216
42009248
46203552
2193687200
2193695392
2193826464
2195923616
2195923624
2195925672
2195925688
2195929784
2195962552
2196224696
2330442424
2598877880
2598894264
67108864
67174400
67174528
75563136
79757440
79757472
79757984
2227241632
2227241648
2227241656
2227372728
2227380920
2227385016
2227387064
2227403448
2227436216
2227698360
2361916088
2630351544
2631400120
134217728
134218240
134218244
134218372
142606980
142672516
142672532
142803604
142803612
142811804
147006108
1220747932
1220747964
1220750012
1220766396
1220799164
1221061308
1489496764
1489496766
1490545342
1524099774
268435456
268500992
276889600
276889728
276890240
276890272
281084576
281084592
281215664
281215672
281223864
415441592
415443640
415460024
415464120
415496888
415759032
416807608
450362040
536870912
536871040
536936576
545325184
545325696
545325728
549520032
549651104
549651112
551748264
551756456
2699240104
2699240108
2699242156
2699242158
2699242174
2699504318
2833722046
2833754814
3102190270
3102206654
3103255230
1073741824
1073741828
1073742340
1073807876
1082196484
1082196612
1082327684
1082327692
1082327724
1082335916
1083384492
1083384508
1217602236
1221796540
1221812924
1221814972
1222077116
1222109884
1490545340
1490545342
1524099774
2147483648
2147483652
2147484164
2155872772
2155938308
2155938436
2155938468
2155938484
2155938492
2156069564
2156077756
2160272060
2160288444
2160290492
2160552636
2160552638
2160585406
2294803134
2563238590
2564287166
