2097152
8
8388608
16
64
32
131072
2
1048576
16384
33554432
2147483648
134217728
512
536870912
67108864
128
4096
1
4
524288
1073741824
65536
8192
2048
1024
4194304
268435456
16777216
32768
256
262144
2684354560
1032
142606336
8519680
8389632
2164260864
8388610
71303168
33792
33554560
132
9216
10485760
8650752
140
2692743168
2420113408
9220
2147483657
2157969408
2155872262
3498049536
2961178624
2155872672
2214592652
2218852488
2428634368
2428634376
2420246700
2428634508
2428634540
2429698956
2447508142
2445673404
2579907500
2579899324
2579915708
3166857133
2579720125
2630084541
2581817327
2664916974
