524288
8912896
2156396544
2156396548
2424832004
2424840196
2424971268
2424971276
2429165580
2431262732
2431262860
2431263372
2431263404
2431263660
2565481388
2566529964
2566530028
2583307244
2583308268
2583324652
2583390188
2048
2147485696
2151680000
2420115456
2420115464
2420115496
2420246568
2420246696
2420246700
2428635308
2428635820
2430732972
2430733228
2564950956
2564959148
2566007724
2566024108
2582801324
2582866860
2582867884
536870912
2684354560
2692743168
2961178624
2961178628
2961179140
2963276292
2963407364
2963407372
2967601676
2967601804
2967602060
2967602092
3101819820
3101828012
3101844396
3118621612
3118622636
3118622637
3118688173
1073741824
1082130432
3229614080
3498049536
3498049540
3498057732
3498057988
3498189060
3498189188
3502383492
3502383500
3502383532
3502384044
3636601772
3653378988
3653379052
3653395436
3653395437
3653460973
3653723117
