0.0006388415673
0.0008517887564
0.0008517887564
0.0008517887564
0.0006388415673
0.0006388415673
0.0008517887564
0.0008517887564
0.0006388415673
0.0008517887564
0.0008517887564
0.0008517887564
0.0006388415673
0.001064735945
0.0008517887564
0.0008517887564
0.001277683135
0.0008517887564
0.0008517887564
0.0008517887564
0.0006388415673
0.0006388415673
0.0008517887564
0.0008517887564
0.0006388415673
0.0006388415673
0.0006388415673
0.0006388415673
0.0006388415673
0.0006388415673
0.0008517887564
0.0006388415673
