0.0006388415673
0.0006388415673
0.0004258943782
0.0006388415673
0.0006388415673
0.0006388415673
0.0004258943782
0.0006388415673
0.0006388415673
0.0004258943782
0.0006388415673
0.0006388415673
0.0006388415673
0.0004258943782
0.0004258943782
0.0008517887564
0.0008517887564
0.0006388415673
0.0006388415673
0.0004258943782
0.0006388415673
0.0006388415673
0.0006388415673
0.0006388415673
0.0004258943782
0.0006388415673
0.0004258943782
0.0006388415673
0.0006388415673
0.0006388415673
0.0004258943782
0.0006388415673
