0.0004258943782
0.0004258943782
0.0002129471891
0.0002129471891
0.0002129471891
0.0002129471891
0.0004258943782
0.0004258943782
0.0004258943782
0.0004258943782
0.0002129471891
0.0006388415673
0.0004258943782
0.0002129471891
0.0004258943782
0.0004258943782
0.0004258943782
0.0002129471891
0.0004258943782
0.0004258943782
0.0004258943782
0.0004258943782
0.0004258943782
0.0002129471891
0.0004258943782
0.0006388415673
0.0004258943782
0.0004258943782
0.0004258943782
0.0004258943782
0.0002129471891
0.0004258943782
