1
2147483649
2147483657
2415919113
2415919117
2418016269
2426404877
2426535949
2426536461
2430730765
2430730893
2430731149
2430731181
2564948909
2564957101
2564973485
2581750701
2581751725
2581817261
2
8388610
2155872258
2155872262
2155872774
2172649990
2441085446
2441216518
2443313670
2447507974
2447507982
2447508110
2447508142
2447508398
2581726126
2581734318
2581734382
2581735406
2581751790
2581751791
2581817327
4
132
140
2147483788
2214592652
2216689804
2225078412
2225209484
2229403788
2229404300
2229404556
2229404588
2497840044
2497848236
2632065964
2633114540
2633114604
2633115628
2633132012
2633197548
2633459692
8
1032
1036
268436492
2415920140
2415920396
2416051468
2424440076
2424440204
2428634508
2428634540
2428635052
2445412268
2579629996
2579630012
2579638204
2579654588
2579654589
2579720125
2579982269
16
2147483664
2155872272
2424307728
2424307732
2424315924
2424446996
2424447124
2428641428
2428641436
2428641468
2428641980
2428642236
2562859964
2579637180
2579638204
2579654588
2579654589
2579720125
2579982269
32
8388640
8388768
2155872416
2155872672
2155872676
2155872684
2156003756
2424439212
2428633516
2428634028
2428634044
2445411260
2579628988
2579637180
2579638204
2579654588
2579654589
2579720125
2579982269
64
192
8388800
2155872448
2155872704
2155872708
2155880900
2156011972
2424447428
2428641732
2428641764
2428641772
2428642284
2430739436
2564957164
2581734380
2581735404
2581751788
2581751789
2581817325
128
4194432
4456576
4456584
4587656
4587912
2152071560
2420507016
2420507020
2428895628
2428895660
2428896172
2428896188
2445673404
2579891132
2579899324
2579915708
2579916732
2579916733
2579982269
256
2147483904
2155872512
2424307968
2424307972
2426405124
2426405132
2426536204
2426536332
2430730636
2430731148
2430731180
2430739372
2564957100
2566005676
2566022060
2582799276
2582864812
2582865836
512
4194816
2151678464
2151678472
2151678474
2151809546
2420245002
2957115914
2965504522
2965504526
2965504558
2965504814
2965504942
3099722670
3099730862
3166839726
3166840750
3166857134
3166857135
3166922671
3167184815
1024
8389632
8520704
276956160
281150464
281150720
2428634368
2428634376
2428634380
2428634508
2428634540
2428635052
2445412268
2579629996
2579630012
2579638204
2579654588
2579654589
2579720125
2579982269
2048
2147485696
2151680000
2420115456
2420115464
2420115496
2420246568
2420246696
2420246700
2428635308
2428635820
2430732972
2430733228
2564950956
2564959148
2566007724
2566024108
2582801324
2582866860
2582867884
4096
2147487744
2155876352
2424311808
2424311812
2424320004
2424451076
2424451204
2424451212
2428645516
2428646028
2428646060
2428646316
2562864044
2564961196
2564977580
2581754796
2581755820
2581755821
2581821357
8192
9216
9220
9348
8397956
2155881604
2155881860
2156012932
2160207236
2227316100
2227316108
2227316140
2227316652
2495752108
2629969836
3166840748
3166857132
3166857133
3166857135
3166922671
3167184815
16384
8404992
8405120
8405124
2155888772
2155889028
2155889036
2156020108
2160214412
2160214924
2428650380
2428650412
2445427628
2579645356
2579653548
3653395372
3653395373
3653460909
3653723053
32768
33792
164864
268600320
272794624
272794632
2420278280
2420278536
2420278664
2420278668
2420279180
2428667788
2428667820
2562885548
2562885564
2562893756
2630002620
2630019004
2630019005
2630084541
2630346685
65536
65664
65672
2147549320
2151743624
2218852488
2220949640
2221080712
2229469320
2229469576
2229469580
2229470092
2229470124
2497905580
2497913772
2632131500
2633180076
2633196460
2633197484
2633459628
131072
8519680
8520704
276956160
281150464
281150720
2428634368
2428634376
2428634380
2428634508
2428634540
2428635052
2445412268
2579629996
2579630012
2579638204
2579654588
2579654589
2579720125
2579982269
262144
8650752
8650880
8650884
8651140
2156134788
2156134796
2156265868
2160460172
2160460684
2160477068
2428912524
2428912556
2445689772
2579907500
2579915692
2579915708
2579916732
2579916733
2579982269
524288
8912896
2156396544
2156396548
2424832004
2424840196
2424971268
2424971276
2429165580
2431262732
2431262860
2431263372
2431263404
2431263660
2565481388
2566529964
2566530028
2583307244
2583308268
2583324652
2583390188
1048576
1048704
2148532352
2148532360
2148548744
2148548748
2148549260
2148680332
2157068940
2157069196
2161263500
2429698956
2429698988
2429707180
2563924908
2566022060
2582799276
2582864812
2582865836
2097152
10485760
2157969408
2426404864
2426404868
2426413060
2426544132
2426544644
2430738948
2430739076
2430739084
2430739116
2430739372
2564957100
2566005676
2566022060
2582799276
2582864812
2582865836
4194304
4194432
4456576
4456584
4587656
4587912
2152071560
2420507016
2420507020
2428895628
2428895660
2428896172
2428896188
2445673404
2579891132
2579899324
2579915708
2579916732
2579916733
2579982269
8388608
8389632
8520704
276956160
281150464
281150720
2428634368
2428634376
2428634380
2428634508
2428634540
2428635052
2445412268
2579629996
2579630012
2579638204
2579654588
2579654589
2579720125
2579982269
16777216
2164260864
2164260868
2432696324
2441084932
2443182084
2443182596
2443313668
2447507972
2447508100
2447508108
2447508140
2447508396
2581726124
2581734316
2581734380
2581735404
2581751788
2581751789
2581817325
33554432
33554560
33554568
2181038216
2185232520
2252341384
2252472456
2260861064
2260861096
2260861352
2260861356
2260861868
2260861870
2260870062
2395087790
2395087854
2396136430
2664571886
2664572910
2664589294
2664654830
2664916974
67108864
71303168
2218786816
2218786824
2218786952
2218786984
2218918056
2218918312
2227306920
2227306924
2227307436
2227307438
2764178350
2898396078
2898404270
3166839726
3166840750
3166857134
3166857135
3166922671
3167184815
134217728
142606336
411041792
411041796
2558525444
2558525700
2560622852
2560622860
2560622988
2564817292
2564948364
2564948876
2564948908
2564957100
2566005676
2566022060
2582799276
2582864812
2582865836
268435456
272629760
2420113408
2420113416
2422210568
2422341640
2422342152
2430730760
2430730764
2430730892
2430731148
2430731180
2430739372
2564957100
2566005676
2566022060
2582799276
2582864812
2582865836
536870912
2684354560
2692743168
2961178624
2961178628
2961179140
2963276292
2963407364
2963407372
2967601676
2967601804
2967602060
2967602092
3101819820
3101828012
3101844396
3118621612
3118622636
3118622637
3118688173
1073741824
1082130432
3229614080
3498049536
3498049540
3498057732
3498057988
3498189060
3498189188
3502383492
3502383500
3502383532
3502384044
3636601772
3653378988
3653379052
3653395436
3653395437
3653460973
3653723117
2147483648
2155872256
2424307712
2424307716
2424307972
2426405124
2426405132
2426536204
2426536332
2430730636
2430731148
2430731180
2430739372
2564957100
2566005676
2566022060
2582799276
2582864812
2582865836
