2097152
2048
1073741824
32
67108864
8388608
33554432
262144
1048576
128
8
1
536870912
16
512
8192
256
134217728
64
268435456
524288
4194304
4
1024
2
32768
131072
16777216
2147483648
65536
4096
16384
40
2097664
33554944
4194816
65538
16842752
32800
589824
65552
66048
9216
513
65664
268500992
8389152
134219780
66056
66056
66304
201392128
134284032
25092
135332352
4268576
134230532
142674436
142672408
176226826
2290164257
2290201120
143859208
147009153
148061704
147009165
1220755084
2294758029
3369287308
3368271501
3368533645
3402055311
3368533679
3941056141
