1
513
66049
134283777
134283785
142672393
142673417
142675465
142675469
142675597
142683789
142814861
147009165
2294492813
3368234637
3368238733
3368271501
3368533645
3402088077
16777216
16842752
16843264
151060992
159449600
159450624
159458816
159458817
163653121
163784193
163784321
163784329
163784333
2311267981
2311270029
3385011853
3385015949
3385278093
3385278095
3418832527
2048
67584
134285312
134285824
142674432
142675456
142683648
142683649
146877953
147009025
147009153
147009161
147009165
2294492813
3368234637
3368238733
3368271501
3368533645
3402088077
131072
131584
131588
139780
401924
8790532
8794628
8794756
2156278404
2156343940
2156345988
2156345996
2160540300
2294758028
2294758029
3368499853
3368500877
3368533645
3402088077
