0.0006342494715
0.0006342494715
0.001268498943
0.000422832981
0.001268498943
0.0006342494715
0.0006342494715
0.000422832981
0.0008456659619
0.0006342494715
0.0006342494715
0.0006342494715
0.001268498943
0.001057082452
0.0006342494715
0.001691331924
0.0006342494715
0.001057082452
0.001268498943
0.0008456659619
0.001479915433
0.0006342494715
0.0006342494715
0.0006342494715
0.0008456659619
0.0006342494715
0.0008456659619
0.0006342494715
0.0006342494715
0.001057082452
0.0006342494715
0.0006342494715
