0.0002114164905
0.0002114164905
0.0002114164905
0.0002114164905
0.0002114164905
0.0002114164905
0.0002114164905
0.0002114164905
0.0002114164905
0.0002114164905
0.0002114164905
0.0002114164905
0.0002114164905
0.0002114164905
0.0002114164905
0.0002114164905
0.0002114164905
0.0002114164905
0.0002114164905
0.0002114164905
0.0002114164905
0.000422832981
0.0002114164905
0.0002114164905
0.0002114164905
0.0002114164905
0.0002114164905
0.0002114164905
0.0002114164905
0.0002114164905
0.0002114164905
0.0002114164905
