1
513
66049
134283777
134283785
142672393
142673417
142675465
142675469
142675597
142683789
142814861
147009165
2294492813
3368234637
3368238733
3368271501
3368533645
3402088077
2
65538
73730
134291458
134291970
142680578
142680579
2290164227
2294358531
2294489603
2294489611
2294491659
2294491663
3368233487
3368233615
3368237711
3368238735
3368500879
3368533647
3402088079
4
516
134218244
134226436
134230532
142619140
142620164
142751236
142753284
142818820
142818948
142818956
147013260
1220755084
3368238732
3368238733
3368271501
3368533645
3402088077
8
40
552
66088
2147549736
2155938344
2155938345
2290156073
2290158121
2290158125
2290158253
2290166445
2294360749
2294491821
3368233645
3368234669
3368238765
3368271533
3368533677
3402088109
16
65552
66064
66072
134283800
142672408
142673432
146867736
146875928
147007000
180561432
180561560
180563608
1254305432
3401789080
3401789084
3401793180
3401793181
3402055325
3402088093
32
544
4194848
4203040
4268576
2151752224
2160140832
2160140834
2294358562
2294358563
2294489635
2294489643
2294491691
2294491695
3368233519
3368233647
3368234671
3368238767
3368271535
3368533679
3402088111
64
576
8389184
142606912
142615104
142615106
142615110
2290098758
2290098759
2290229831
2294424135
2294489671
2294489679
2294491727
3368233551
3368233679
3368234703
3368496847
3368500943
3368533711
3402088143
128
65664
73856
134291584
142680192
142680704
142680705
2290164353
2294358657
2294489729
2294491777
2294491785
2294491789
3368233613
3368237709
3368238733
3368271501
3368533645
3402088077
256
65792
66304
134284032
142672640
142680832
142681856
142681857
146876161
147007233
147007361
147007369
147007373
147009421
2294493069
3368234893
3368238989
3368271757
3368533901
3402088333
512
66048
66056
134283784
138478088
138478090
146866698
2294350346
2327904778
2327906826
2328037898
2328046090
3401787914
3401787918
3401792014
3401792142
3401792143
3401793167
3402055311
3402088079
1024
9216
74752
75264
134292992
142681600
142681601
146875905
146877953
147009025
147009153
147009161
147009165
2294492813
3368234637
3368238733
3368271501
3368533645
3402088077
2048
67584
134285312
134285824
142674432
142675456
142683648
142683649
146877953
147009025
147009153
147009161
147009165
2294492813
3368234637
3368238733
3368271501
3368533645
3402088077
4096
4608
70144
70152
134287880
142676488
142677512
142679560
142679564
142810636
142818828
142818956
147013260
1220755084
3368238732
3368238733
3368271501
3368533645
3402088077
8192
8224
8736
8740
134226468
142615076
142619172
142619300
2290102948
2290168484
2290170532
2290170540
2290301612
2294495916
3368237740
3368237741
3368238765
3368271533
3368533677
3402088109
16384
16896
16900
25092
134242820
142631428
142631430
142696966
2290180614
2294374918
2294505990
2294508038
2294508046
2294508047
3368249871
3368249999
3368251023
3368255119
3368517263
3368550031
3402104463
32768
32800
33312
98848
8487456
2155971104
2155979296
2290197024
2290201120
2290201248
2294395552
2294526624
2294526632
2294526636
2294528684
3368270508
3368270509
3368271533
3368533677
3402088109
65536
66048
66056
134283784
138478088
138478090
146866698
2294350346
2327904778
2327906826
2328037898
2328046090
3401787914
3401787918
3401792014
3401792142
3401792143
3401793167
3402055311
3402088079
131072
131584
131588
139780
401924
8790532
8794628
8794756
2156278404
2156343940
2156345988
2156345996
2160540300
2294758028
2294758029
3368499853
3368500877
3368533645
3402088077
262144
270336
335872
336384
8724992
2156208640
2156212736
2156343808
2424779264
2428973568
2428973576
2428975624
2428975625
2563193353
2563193357
3636935181
3636935309
3636936333
3636969101
524288
589824
590336
8978944
143196672
143204864
143205888
147400192
147400193
147531265
2295014913
2295014921
2295014925
2295016973
2295017101
3368758925
3368763021
3369025165
3369057933
3402612365
1048576
135266304
135266816
135332352
135332360
135333384
143721992
143726088
143728136
143859208
148053512
148061704
148061832
1221803656
1221803660
3369287308
3369287309
3369320077
3369582221
3403136653
2097152
2097664
2163200
2163208
136380936
140575240
148963848
148965896
2296449544
2330003976
2330135048
2330135176
2330143368
2330143372
2330143373
2330144397
2330148493
2330181261
2330443405
3404185229
4194304
4194816
4194848
4203040
4268576
2151752224
2160140832
2160140834
2294358562
2294358563
2294489635
2294489643
2294491691
2294491695
3368233519
3368233647
3368234671
3368238767
3368271535
3368533679
3402088111
8388608
8388640
8389152
8454688
8462880
2155946528
2155946529
2290164257
2290164259
2294358563
2294489635
2294489643
2294491691
2294491695
3368233519
3368233647
3368234671
3368238767
3368271535
3368533679
3402088111
16777216
16842752
16843264
151060992
159449600
159450624
159458816
159458817
163653121
163784193
163784321
163784329
163784333
2311267981
2311270029
3385011853
3385015949
3385278093
3385278095
3418832527
33554432
33554944
167772672
167772680
167838216
176226824
176226826
2323710474
2327904778
2327906826
2328037898
2328046090
3401787914
3401787918
3401792014
3401792142
3401792143
3401793167
3402055311
3402088079
67108864
67174400
201392128
201400320
201400832
209789440
209789441
209790465
213984769
214115841
214115969
214115977
214115981
2361599629
2361601677
3435343501
3435347597
3435609741
3435642509
3469196941
134217728
134219776
134219780
134220292
142608900
142674436
142675460
142683652
142683653
142814725
142814853
147009157
147009165
2294492813
3368234637
3368238733
3368271501
3368533645
3402088077
268435456
268500992
268501000
402718728
406913032
406913544
406913545
415302153
2562785801
2562793993
2562925065
3636666889
3636666893
3636668941
3636669069
3636673165
3636674189
3636706957
3636969101
536870912
536936448
536936960
671154688
671154696
675349000
675350024
683738632
685835784
685843976
685843980
685975052
685977100
2833460748
2833460876
2833460877
2833464973
2833727117
3907468941
3907501709
3941056141
1073741824
1073750016
1073815552
1073816064
1082204672
1216422400
1216422401
1484857857
1489052161
1489183233
3636666881
3636666889
3636666893
3636668941
3636669069
3636673165
3636674189
3636706957
3636969101
2147483648
2147491840
2147557376
2147557888
2155946496
2290164224
2290164225
2290164227
2294358531
2294489603
2294489611
2294491659
2294491663
3368233487
3368233615
3368237711
3368238735
3368500879
3368533647
3402088079
