65536
32768
67108864
8
33554432
32
2147483648
1073741824
16777216
268435456
2097152
4
1024
4194304
262144
131072
16384
256
2
536870912
1
64
16
1048576
128
8192
134217728
2048
4096
512
524288
8388608
524292
301989888
2097156
268435520
268500992
1073741828
260
8196
8388736
1028
136
132
16896
536871040
6
32896
272629824
67108996
1540
205520896
1073742340
75497604
2181
8390148
2155872774
2453669888
10617476
4851844
2168588420
2462189696
2160204432
2160265904
2428709520
3235064464
3368233620
3636669080
3636670104
3401789082
3468897948
2934124188
3938664094
3402088094
4207099614
