33554432
301989888
306184192
2453667840
2453669888
2453800960
2453801088
2462189696
2462189712
2462190224
2462198416
2462199440
2462264976
2462264984
2596482712
2598579864
3135450776
3135450780
3135454876
3135717020
536870912
536871040
536871044
536873092
537004164
541198468
541198980
2688682628
2697071236
2699168388
2699233924
2699242116
2833459844
2833459860
2833459868
2833460892
2833460894
2867015326
2867019422
2867281566
268435456
268435460
2415919108
2415921156
2424309764
2424309892
2424440964
2424441476
2424441492
2428635796
2428701332
2428709524
3502451348
3502451356
3636669084
3636670108
3670224540
4207095452
4207095454
4207099550
1073741824
1073741828
1073742340
1073742468
1082131076
1082262148
1082264196
3229747844
3229747860
3233942164
3234007700
3234015892
3368233620
3368233628
3368233630
3368234654
3401789086
3938659998
3938664094
