0.0008514261388
0.0008514261388
0.0006385696041
0.0006385696041
0.0006385696041
0.0006385696041
0.001064282673
0.0006385696041
0.001064282673
0.0006385696041
0.0008514261388
0.0006385696041
0.0006385696041
0.0006385696041
0.001064282673
0.0006385696041
0.0006385696041
0.0008514261388
0.001064282673
0.0008514261388
0.0006385696041
0.0008514261388
0.0006385696041
0.0006385696041
0.0008514261388
0.001064282673
0.001064282673
0.0008514261388
0.001064282673
0.0008514261388
0.0006385696041
0.0008514261388
