0.0004257130694
0.0004257130694
0.0004257130694
0.0004257130694
0.0004257130694
0.0004257130694
0.0004257130694
0.0004257130694
0.0004257130694
0.0004257130694
0.0004257130694
0.0004257130694
0.0004257130694
0.0004257130694
0.0004257130694
0.0004257130694
0.0002128565347
0.0002128565347
0.0004257130694
0.0004257130694
0.0004257130694
0.0004257130694
0.0002128565347
0.0002128565347
0.0004257130694
0.0002128565347
0.0004257130694
0.0002128565347
0.0004257130694
0.0004257130694
0.0004257130694
0.0004257130694
