0.0006385696041
0.0006385696041
0.0006385696041
0.0006385696041
0.0006385696041
0.0006385696041
0.0006385696041
0.0006385696041
0.0006385696041
0.0006385696041
0.0004257130694
0.0006385696041
0.0006385696041
0.0006385696041
0.0006385696041
0.0006385696041
0.0006385696041
0.0008514261388
0.0006385696041
0.0006385696041
0.0006385696041
0.0004257130694
0.0006385696041
0.0006385696041
0.0006385696041
0.0008514261388
0.0006385696041
0.0006385696041
0.0006385696041
0.0008514261388
0.0006385696041
0.0006385696041
