1
129
133
2181
133253
8521861
8522373
2156006021
2156006037
2160200341
2160265877
2160274069
2160275093
2294492821
2294492829
2294492831
3368234655
3905105567
3905109663
3905371807
2
6
518
2147484166
2155872774
2156003846
2156005894
2156006022
2156006038
2160200342
2160265878
2160274070
2294491798
2294491806
3368233630
3368234654
3401789086
3938659998
3938664094
4
132
2180
8390788
8521860
8522372
2156006020
2156006036
2160200340
2160265876
2160274068
3234015892
3368233620
3368233628
3368233630
3368234654
3401789086
3938659998
3938664094
8
136
140
2188
133260
4327564
2151811212
2151811228
2151811740
2160200348
2160265884
2160274076
3234015900
3368233628
3368233630
3368234654
3401789086
3938659998
3938664094
16
20
148
2196
133268
4327572
2151811220
2151811732
2160200340
2160265876
2160274068
3234015892
3368233620
3368233628
3368233630
3368234654
3401789086
3938659998
3938664094
32
544
4194848
4194976
4326048
4328096
2151811744
2151811760
2160200368
2160265904
2160274096
3234015920
3368233648
3368233656
3368233658
3368234682
3401789114
3938660026
3938660030
3938664126
64
268435520
272629824
272629952
272632000
272763072
2420246720
2428635328
2428635344
2428635856
2428701392
2428709584
3502451408
3502451416
3636669144
3636670168
3670224600
4207095512
4207095514
4207095518
4207099614
128
132
2180
8390788
8521860
8522372
2156006020
2156006036
2160200340
2160265876
2160274068
3234015892
3368233620
3368233628
3368233630
3368234654
3401789086
3938659998
3938664094
256
260
388
8388996
8520068
8522116
2156005764
2156006276
2156006292
2160200596
2160266132
2160274324
2160275348
2294493076
2294493084
2294493086
3368234910
3401789342
3938660254
3938664350
512
516
644
8389252
8520324
8522372
2156006020
2156006036
2160200340
2160265876
2160274068
3234015892
3368233620
3368233628
3368233630
3368234654
3401789086
3938659998
3938664094
1024
1028
1540
8390148
8521220
8521348
8521364
2156005012
2156007060
2160201364
2160209556
2160275092
2294492820
2294492828
2296589980
2296589982
2330144414
2867015326
2867019422
2867281566
2048
2052
2180
8390788
8521860
8522372
2156006020
2156006036
2160200340
2160265876
2160274068
3234015892
3368233620
3368233628
3368233630
3368234654
3401789086
3938659998
3938664094
4096
4224
4198528
4200576
4331648
2151815296
2151815808
2160204416
2160204432
2160269968
2160278160
2160278162
2294495890
2294495898
2294496922
3368238746
3401793178
3938664090
3938664094
8192
8196
8324
10372
141444
4335748
2151819396
2151819908
2151819924
2160208532
2160274068
3234015892
3368233620
3368233628
3368233630
3368234654
3401789086
3938659998
3938664094
16384
16896
16900
17028
8405636
8536708
8538756
2156022404
2156022420
2160216724
2160224916
2160290452
2160290454
2294508182
2294508190
2294509214
3368251038
3401805470
3938676382
3938680478
32768
32896
32900
34948
166020
166532
2147650180
2156038788
2156038804
2160233108
2160298644
2160306836
2160307860
2294525588
2294525590
2294525598
3368267422
3401821854
3401825950
3402088094
65536
268500992
272695296
272695424
272697472
2420181120
2428569728
2428569744
2428700816
2428701328
2428709520
3502451344
3502451352
3636669080
3636670104
3670224536
4207095448
4207095450
4207095454
4207099550
131072
268566528
272760832
272762880
272763008
809633920
2957117568
2957118080
2957183616
2965572224
2967669376
2967677568
3101895296
3101895312
3101895320
3101896344
3135450776
3135450780
3135454876
3135717020
262144
262656
262660
262788
8651396
8782468
8782484
2156266132
2156268180
2160462484
2160528020
2160536212
2160536214
2294753942
2294753950
2294754974
3368496798
3402051230
3938922142
524288
524292
524420
526468
657540
4851844
2152335492
2152343684
2152344196
2160732804
2160732820
2160798356
2295016084
2295016086
2295016094
2295017118
3368758942
3402313374
3939184286
3939188382
1048576
1048704
1114240
1116288
2148599936
2156988544
2156989056
2157120128
2157120144
2161314448
2161322640
3235064464
3369282192
3369282200
3369282202
3369283226
3402837658
3939708570
3939708574
3939712670
2097152
2097156
2097668
2097796
10486404
10617476
10619524
2158103172
2158111364
2162305668
2162371204
2162371220
2296588948
2296588956
2296589980
2296589982
2330144414
2867015326
2867019422
2867281566
4194304
4194432
4259968
4262016
2151745664
2151746176
2151746192
2160134800
2160265872
2160274064
3234015888
3368233616
3368233624
3368233626
3368234650
3401789082
3938659994
3938659998
3938664094
8388608
8388736
8454272
8456320
12650624
2160134272
2160134784
2160134800
2160265872
2160274064
3234015888
3368233616
3368233624
3368233626
3368234650
3401789082
3938659994
3938659998
3938664094
16777216
16777220
16777348
16779396
16910468
21104772
2168588420
2168588932
2168588948
2176977556
2177043092
2177051284
2311269012
3385010836
3385010844
3385010846
3385011870
3418566302
3418570398
3418832542
33554432
301989888
306184192
2453667840
2453669888
2453800960
2453801088
2462189696
2462189712
2462190224
2462198416
2462199440
2462264976
2462264984
2596482712
2598579864
3135450776
3135450780
3135454876
3135717020
67108864
67108868
67108996
75497604
75628676
75630724
2223114372
2223114388
2227308692
2227309204
2227374740
2227382932
3301124756
3435342484
3435342492
3435343516
3468897948
4005768860
4005768862
4005772958
134217728
201326592
205520896
205521024
205586560
205588608
742459520
2889943168
2898331776
2898332288
2898463360
2900560512
2900568704
2900568712
2900569736
2900569752
2934124184
2934124188
2934128284
2934390428
268435456
268435460
2415919108
2415921156
2424309764
2424309892
2424440964
2424441476
2424441492
2428635796
2428701332
2428709524
3502451348
3502451356
3636669084
3636670108
3670224540
4207095452
4207095454
4207099550
536870912
536871040
536871044
536873092
537004164
541198468
541198980
2688682628
2697071236
2699168388
2699233924
2699242116
2833459844
2833459860
2833459868
2833460892
2833460894
2867015326
2867019422
2867281566
1073741824
1073741828
1073742340
1073742468
1082131076
1082262148
1082264196
3229747844
3229747860
3233942164
3234007700
3234015892
3368233620
3368233628
3368233630
3368234654
3401789086
3938659998
3938664094
2147483648
2147483652
2147484164
2147484166
2155872774
2156003846
2156005894
2156006022
2156006038
2160200342
2160265878
2160274070
2294491798
2294491806
3368233630
3368234654
3401789086
3938659998
3938664094
