33554432
524288
268435456
8388608
16777216
2147483648
32768
67108864
128
64
1
1024
256
4
32
65536
134217728
262144
16
512
1048576
4096
8
536870912
8192
4194304
2048
2
131072
2097152
16384
1073741824
134217744
268435464
10
2105344
2147491840
134250496
8224
270336
2151677952
1032
134217736
135266304
2181038080
139264
2151680000
134252544
142608384
134226944
2147508224
2147627008
671097856
209716224
143139840
2155880640
142746640
3229753472
159458432
209921152
143275140
2156537508
2160735876
2160730860
2160735948
2296587662
2163420366
2162370542
2295053518
2297112558
2311794430
2298162942
2565582830
