1073741824
1073750016
1073881088
1073881216
1082269824
3229753472
3229757568
3229757572
3229758084
3233952388
3234476676
3234476684
3234476748
3234476750
3234542286
3234542542
3234542574
3234543598
3368761326
3368794094
1024
1032
132104
134152
134280
1182856
1182920
9571528
2157055176
2157055180
2157063372
2159160524
2159226060
2159226062
2163420366
2163420398
2163944686
2298162414
2298162926
4194304
2151677952
2151680000
2151680032
2151680160
2151680168
2151811240
2153908392
2153916584
2162305192
2162370728
2162370730
2162370734
2162370798
2162371822
2162372078
2296589806
2297114094
2297114606
2297147374
1
134217729
134225921
134226945
142615553
142615681
142746753
142747265
142747269
144844421
2292328069
2292328077
2292393613
2296587917
2296587919
2296587983
2296588239
2296588271
2297112559
2297145327
