0.0004222081486
0.0002111040743
0.0002111040743
0.0002111040743
0.0004222081486
0.0002111040743
0.0002111040743
0.0002111040743
0.0002111040743
0.0002111040743
0.0002111040743
0.0002111040743
0.0002111040743
0.0002111040743
0.0002111040743
0.0006333122229
0.0002111040743
0.0002111040743
0.0004222081486
0.0002111040743
0.0002111040743
0.0002111040743
0.0002111040743
0.0002111040743
0.0002111040743
0.0002111040743
0.0004222081486
0.0002111040743
0.0004222081486
0.0002111040743
0.0006333122229
0.0002111040743
