0.0008444162972
0.0008444162972
0.0006333122229
0.0008444162972
0.0006333122229
0.0008444162972
0.0008444162972
0.0008444162972
0.0006333122229
0.0008444162972
0.0006333122229
0.0006333122229
0.0008444162972
0.0008444162972
0.0006333122229
0.001055520372
0.0008444162972
0.0008444162972
0.0008444162972
0.001055520372
0.0006333122229
0.0006333122229
0.0006333122229
0.0006333122229
0.0008444162972
0.001055520372
0.0006333122229
0.001055520372
0.0008444162972
0.0006333122229
0.0008444162972
0.0008444162972
