1
134217729
134225921
134226945
142615553
142615681
142746753
142747265
142747269
144844421
2292328069
2292328077
2292393613
2296587917
2296587919
2296587983
2296588239
2296588271
2297112559
2297145327
2
10
134217738
134219786
134285322
134286346
142674954
142675082
142806154
142806158
2290289806
2290289822
2290298014
2294492318
2294492382
2295016670
2311793886
2311793918
2311794430
2311827198
4
1028
9220
140292
8528900
8529028
10626180
2158109828
2158110084
2158110148
2158110156
2158175692
2162369996
2162369998
2162370510
2162370542
2296588270
2297112558
2297145326
8
134217736
134218760
134220808
134286344
134286472
142675080
142806152
143330440
143330444
2290814092
2290822284
2290822286
2295016590
2295016654
2295016686
2295016942
2295017454
2295050222
2297147374
16
134217744
134225936
134226960
142615568
142746640
142746768
142746772
144843924
2292327572
2292329620
2292329628
2292395164
2292395166
2296589470
2296589534
2296589566
2297638142
2298162430
2298162942
32
8224
2147491872
2155880480
2156404768
2156535840
2156535968
2156535972
2156536484
2156602020
2156602028
2156603052
2160797356
2160797420
2177574636
2177574638
2311792366
2311825134
64
8256
2147491904
2155880512
2155880640
2156011712
2156536000
2156536004
2156536516
2156536548
2156536556
2160730860
2160730862
2160796398
2177573614
2177574638
2311792366
2311825134
128
136
168
2216
2147485864
2147485868
2147616940
2156005548
2156005550
2156013742
2156538030
2156603566
2160797870
2160797934
2160798958
2160799214
2295016942
2295017454
2295050222
2297147374
256
134217984
134217992
134219016
134284552
134292744
134292872
142681480
142812552
144909704
144909708
2292393356
2292393358
2296587662
2296587726
2296588238
2296588270
2297112558
2297145326
512
544
8389152
8390176
8398368
8529440
9053728
9053732
9053860
2156537508
2156603044
2156603052
2160797356
2160797420
2177574636
2177574638
2311792366
2311825134
1024
1032
132104
134152
134280
1182856
1182920
9571528
2157055176
2157055180
2157063372
2159160524
2159226060
2159226062
2163420366
2163420398
2163944686
2298162414
2298162926
2048
134219776
142608384
142609408
142674944
142675072
142683264
144780416
144911488
144911492
2292395140
2292395148
2296589452
2296589454
2296589518
2296589774
2296589806
2297114094
2297114606
2297147374
4096
12288
2147495936
2147627008
2156015616
2156015744
2156015748
2156016260
2156017284
2156541572
2160735876
2160735884
2160735948
2160801484
2177578700
2177578702
2177578734
2311796462
2311829230
8192
8224
2147491872
2155880480
2156404768
2156535840
2156535968
2156535972
2156536484
2156602020
2156602028
2156603052
2160797356
2160797420
2177574636
2177574638
2311792366
2311825134
16384
24576
2147508224
2155896832
2155962368
2155962496
2155963008
2156094080
2156094084
2156618372
2156619396
2156619404
2156619468
2160813772
2177590988
2177590990
2177591022
2311808750
2311841518
32768
134250496
134252544
134253568
134384640
134384768
142773376
142777472
142785664
142785668
2290269316
2290269318
2290269326
2294463630
2294463694
2294529230
2295053518
2295053550
2311830766
2311831278
65536
73728
2147557376
2155945984
2156470272
2156470304
2156470432
2156601504
2156602016
2156602020
2156602028
2156603052
2160797356
2160797420
2177574636
2177574638
2311792366
2311825134
131072
139264
140288
8528896
9053184
9053312
9053344
9053348
9053860
2156537508
2156603044
2156603052
2160797356
2160797420
2177574636
2177574638
2311792366
2311825134
262144
270336
401408
401536
8790144
8791168
8795264
8795268
2156278916
2223387780
2227582084
2227582092
2244359308
2244359310
2244359374
2244424910
2244424942
2244949230
2244949742
2379167470
2379200238
524288
134742016
134750208
143138816
143139840
143270912
143271040
143271044
143275140
143275652
2290759300
2290759308
2294953612
2294953676
2311730892
2311730894
2311796430
2311796462
2311829230
1048576
135266304
135274496
135275520
135406592
135406720
143795328
145892480
145892992
145892996
2293376644
2293376652
2293442188
2297636492
2297636494
2297636558
2297636590
2298160878
2298161134
2097152
2105344
136323072
144711680
144712704
144712832
144843904
144843908
144844164
2292327812
2292327820
2292393356
2292393358
2296587662
2296587726
2296588238
2296588270
2297112558
2297145326
4194304
2151677952
2151680000
2151680032
2151680160
2151680168
2151811240
2153908392
2153916584
2162305192
2162370728
2162370730
2162370734
2162370798
2162371822
2162372078
2296589806
2297114094
2297114606
2297147374
8388608
142606336
142608384
142609408
142674944
142675072
142683264
144780416
144911488
144911492
2292395140
2292395148
2296589452
2296589454
2296589518
2296589774
2296589806
2297114094
2297114606
2297147374
16777216
150994944
150995968
159384576
159392768
159458304
159458432
159982720
160113792
160113796
2307597444
2307597452
2307597964
2311792268
2311792332
2311792334
2311792366
2311825134
33554432
2181038080
2181046272
2181177344
2189565952
2190090240
2190090368
2190090400
2190090404
2190090916
2190156452
2190156460
2190156462
2194350766
2194350830
2211128046
2211129070
2345346798
67108864
201326592
209715200
209716224
209724416
209789952
209790080
209921152
209921156
212018308
2359501956
2359501964
2363696268
2363696270
2363696334
2380473550
2380473582
2380474094
2380998382
2381031150
134217728
134225920
134226944
142615552
143139840
143270912
143271040
143271044
143275140
143275652
2290759300
2290759308
2294953612
2294953676
2311730892
2311730894
2311796430
2311796462
2311829230
268435456
268435464
402653192
402654216
402654220
402656268
402787340
411175948
411176076
413273228
2560756876
2560765068
2560765132
2564959436
2565024972
2565024974
2565025230
2565025262
2565549550
2565550062
2565582830
536870912
671088640
671096832
671097856
679486464
679486592
679617664
681714816
681714820
681715332
2829198980
2829198988
2829264524
2833458828
2833458830
2833458894
2833458926
2833983214
2834015982
1073741824
1073750016
1073881088
1073881216
1082269824
3229753472
3229757568
3229757572
3229758084
3233952388
3234476676
3234476684
3234476748
3234476750
3234542286
3234542542
3234542574
3234543598
3368761326
3368794094
2147483648
2147491840
2147491872
2155880480
2156404768
2156535840
2156535968
2156535972
2156536484
2156602020
2156602028
2156603052
2160797356
2160797420
2177574636
2177574638
2311792366
2311825134
