128
16
65536
2097152
256
512
1048576
268435456
32768
8192
64
8388608
8
1024
2147483648
4
33554432
4194304
134217728
1
524288
16777216
67108864
16384
262144
131072
2048
536870912
1073741824
32
4096
2
268468224
134217744
134250496
32896
32770
2151677952
150994944
134221824
16777280
150994944
2148532224
17039360
2155872256
16777248
2164260896
142606592
151011328
134225936
402685952
159399936
166016
142641152
2156038144
25559552
444637184
2357211136
2190615040
2156010120
2323810944
2177249920
2177249928
2325359240
2294496136
2177056408
2311793293
2328603275
2361638556
2899524508
3469453981
2378383325
