256
134217984
142606592
142607104
2290090752
2290156288
2290160384
2290168576
2290168704
2290299776
2294494080
2294494088
2294496136
2294496152
2361605016
2361605020
2361606044
4
2147483652
2164260868
2172649476
2172780548
2172781060
2173305348
2173313540
2173313668
2173313669
2177507973
2177507981
2311725709
2311727757
2311793293
2378902157
2378902173
2378903197
2378907293
512
134218240
134251008
142639616
142641664
2290125312
2290190848
2294385152
2294385280
2294393472
2294397568
2294528640
2294528648
2294528664
2361637528
2361637532
2361637788
2361638812
32768
134250496
134252544
142641152
142641280
176195712
2323679360
2323679872
2323810944
2323819136
2324343424
2328537728
2328537736
2328537737
2328603273
2395712137
2395712141
2395712157
2395713181
