0.0002110595188
0.0002110595188
0.0002110595188
0.0002110595188
0.0002110595188
0.0002110595188
0.0002110595188
0.0002110595188
0.0002110595188
0.0002110595188
0.0002110595188
0.0002110595188
0.0002110595188
0.0002110595188
0.0002110595188
0.0002110595188
0.0002110595188
0.0002110595188
0.0002110595188
0.0002110595188
0.0002110595188
0.0002110595188
0.0002110595188
0.0002110595188
0.0002110595188
0.0002110595188
0.0002110595188
0.0002110595188
0.0002110595188
0.0002110595188
0.0002110595188
0.0002110595188
