0.0002110595188
0.0004221190376
0.0002110595188
0.0002110595188
0.0002110595188
0.0004221190376
0.0004221190376
0.0002110595188
0.0002110595188
0.0002110595188
0.0002110595188
0.0002110595188
0.0002110595188
0.0002110595188
0.0004221190376
0.0002110595188
0.0002110595188
0.0004221190376
0.0004221190376
0.0002110595188
0.0002110595188
0.0002110595188
0.0002110595188
0.0002110595188
0.0002110595188
0.0004221190376
0.0002110595188
0.0002110595188
0.0004221190376
0.0002110595188
0.0004221190376
0.0002110595188
