1
134217729
134225921
142614529
142614657
142745729
146940033
146940545
2294424193
2294426241
2294426305
2294426313
2294426317
2294426333
2361535197
2361535453
2361536477
2361540573
2361606109
2
32770
134250498
134258690
142647298
176201730
2323685378
2323685890
2323816962
2324341250
2324341378
2328535682
2328535690
2328537738
2328537739
2328603275
2395712139
2395712143
2395712159
2395713183
4
2147483652
2164260868
2172649476
2172780548
2172781060
2173305348
2173313540
2173313668
2173313669
2177507973
2177507981
2311725709
2311727757
2311793293
2378902157
2378902173
2378903197
2378907293
8
134217736
134219784
138414088
2285897736
2285963272
2285963784
2294352392
2294356488
2294356616
2294487688
2294495880
2294496136
2294496152
2361605016
2361605020
2361606044
16
134217744
134225936
142614544
142614672
142745744
146940048
2294423696
2294424208
2294456976
2294461072
2294461080
2294463128
2294528664
2361637528
2361637532
2361637788
2361638812
32
16777248
2164260896
2172649504
2172650016
2206204448
2206335520
2206343712
2206343840
2206343841
2210538145
2210538153
2211062441
2211064489
2278173353
2278173357
2412391085
2412391101
2412392125
2412457661
64
16777280
2164260928
2172649536
2172650048
2172781120
2176975424
2176975552
2176983744
2176983745
2176983753
2176984009
2176984013
2176986061
2311203789
2311203805
2378312669
2378313693
2378317789
2378383325
128
32896
163968
166016
8554624
2156038272
2156042368
2156042880
2160237184
2160237192
2160245384
2160310920
2294528648
2294528664
2361637528
2361637532
2361637788
2361638812
256
134217984
142606592
142607104
2290090752
2290156288
2290160384
2290168576
2290168704
2290299776
2294494080
2294494088
2294496136
2294496152
2361605016
2361605020
2361606044
512
134218240
134251008
142639616
142641664
2290125312
2290190848
2294385152
2294385280
2294393472
2294397568
2294528640
2294528648
2294528664
2361637528
2361637532
2361637788
2361638812
1024
33792
164864
173056
8561664
8562176
8566272
2156049920
2160244224
2160246272
2160246280
2160246408
2160311944
2160311960
2227420824
2361638552
2361638556
2361638812
2048
134219776
142608384
142608512
142674048
142682240
146876544
2294360192
2294360704
2294364800
2294495872
2294495880
2294496136
2294496152
2361605016
2361605020
2361606044
4096
134221824
134230016
142618624
142618752
142749824
142751872
2290235520
2290236032
2294430336
2294430344
2294495880
2294496136
2294496152
2361605016
2361605020
2361606044
8192
134225920
135274496
135274624
168829056
177217664
177348736
177349248
2324832896
2325357184
2325357192
2325359240
2329553544
2329553545
2329619081
2396727945
2396727949
2396727965
16384
16793600
151011328
159399936
159400448
2306884096
2340438528
2340569600
2340577792
2340577920
2340577921
2344772225
2344772233
2344774281
2345298569
2345298573
2412407437
2412407453
2412408477
2412474013
32768
134250496
134252544
142641152
142641280
176195712
2323679360
2323679872
2323810944
2323819136
2324343424
2328537728
2328537736
2328537737
2328603273
2395712137
2395712141
2395712157
2395713181
65536
16842752
2164326400
2172715008
2172715520
2172846592
2172850688
2172858880
2172859008
2177053312
2177053320
2177053576
2177055624
2311273352
2311273368
2378382232
2378382236
2378383260
131072
16908288
16909312
25297920
25298432
2172782080
2172786176
2172794368
2176988672
2176988680
2176988808
2177054344
2177054360
2177056408
2177056664
2311274392
2378383256
2378383260
262144
17039360
17170432
25559040
25559552
2173043200
2173047296
2173055488
2177249792
2177249920
2177249928
2177250184
2177315720
2177317768
2311535496
2311535500
2378644364
2378644380
2378645404
524288
134742016
134774784
134782976
143171584
2290655232
2324209664
2324340736
2324341248
2324341376
2328535680
2328535688
2328537736
2328537737
2328603273
2395712137
2395712141
2395712157
2395713181
1048576
2148532224
2148540416
2148671488
2149195776
2157584384
2157584896
2191139328
2191139456
2191139464
2191141512
2195335816
2195335817
2329553545
2329619081
2396727945
2396727949
2396727965
2097152
2105344
136323072
144711680
2292195328
2325749760
2325750272
2325881344
2326929920
2326930048
2326932096
2326932104
2331126408
2331126424
2331126428
2398235292
2398235293
2398235549
2398236573
4194304
2151677952
2151680000
2151811072
2160199680
2160200192
2160204288
2160204296
2160204424
2160212616
2160278152
2160278408
2294496136
2294496152
2361605016
2361605020
2361606044
8388608
2155872256
2155874304
2156005376
2156005888
2156009984
2156009992
2156010120
2160204424
2160212616
2160278152
2160278408
2294496136
2294496152
2361605016
2361605020
2361606044
16777216
150994944
159383552
159384064
159449600
2306933248
2306937344
2306945536
2311139840
2311139968
2311271040
2311271048
2311271304
2311273352
2311273368
2378382232
2378382236
2378383260
33554432
2181038080
2181046272
2182094848
2182225920
2182226432
2190615040
2190616064
2190618112
2190622208
2190622216
2190622344
2194816648
2195078792
2195603080
2262711944
2396929672
2396929676
67108864
201326592
209715200
209723392
209727488
2357211136
2357342208
2357342720
2361537024
2361537152
2361569920
2361569928
2361569944
2361571992
2361637528
2361637532
2361637788
2361638812
134217728
150994944
159383552
159384064
159449600
2306933248
2306937344
2306945536
2311139840
2311139968
2311271040
2311271048
2311271304
2311273352
2311273368
2378382232
2378382236
2378383260
268435456
268468224
402685952
402694144
411082752
444637184
2592120832
2592251904
2592776192
2592776704
2592776832
2596971136
2596971144
2596971145
2596973193
2597038729
2664147593
2664147597
2664147613
2664148637
536870912
671088640
679477248
679477760
2826961408
2827026944
2827028992
2831223296
2831223304
2831223432
2831227528
2831358600
2831366792
2832415368
2832415384
2899524248
2899524252
2899524508
1073741824
1073774592
1073905664
1073913856
3221397504
3229786112
3229786624
3263341056
3263865344
3263865472
3263865480
3268059784
3268061832
3268061833
3402279561
3402345097
3469453961
3469453965
3469453981
3469455005
2147483648
2147516416
2147647488
2147649536
2156038144
2156038656
2156042752
2156042880
2160237184
2160237192
2160245384
2160310920
2294528648
2294528664
2361637528
2361637532
2361637788
2361638812
