-29.338935377222832
-3.8153010355433867
4.96692550168858
6.182923753649895
-12.128999942324914
26.733103341281467
-19.637615653620063
-21.663330670907193
-6.71298411167702
-5.714887956966239
29.146269519634497
-4.223153884024045
-21.656518980544398
-4.586575797002257
20.247432136043166
5.271473112611285
24.493137590622247
-16.5014478816213
-21.621552770087522
-18.262893364327294
9.948627130088395
-6.148020264995978
15.130847495045257
-25.164643866005363
16.639199912280382
-7.867512737328072
-23.69048901156642
28.509279868504027
-6.062967489584613
7.1036178528656295
18.809965497476217
-16.86008213576505
16.184030040722572
-27.90204263433222
9.220317131269598
-6.0383581237554695
-7.249169194267465
-1.7710865970632463
29.057061074007237
19.48539217917597
21.571130978026968
-7.416589509505928
-6.464469744779643
14.896500882321163
25.225084586217616
22.517336825770983
4.287158914372555
19.354322791503034
-17.33023676456395
20.514990245716163
-13.371539511302615
22.423859535770223
7.3899872237853375
-18.50833899495944
-4.198395397954503
-26.69676305551496
-13.025218556328573
-8.76860156582515
-28.29715729160419
4.731016359517349
8.009997587290444
5.954160631965772
28.291127758015413
1.6111840854333077
-15.890068375575334
-25.395074578791597
28.788402300623737
8.020259513306602
-2.627418945782524
-5.820612970565787
26.549218839402457
12.698796937678743
8.660169397043243
20.806840503680377
19.800930641485554
-9.910940733159538
-17.31872527388721
22.401674238132728
3.8396284045108025
-25.160985082017238
15.880241919372
-26.758971524361165
-6.905672666604718
-11.673436853820597
13.557754594542992
-22.23112476768425
-14.898469113227856
8.285103240655502
6.407085466697251
-28.11238730727287
9.05234044456284
28.262126636662373
4.394010747482437
21.963164198417925
18.170491895740778
9.351611768040419
-21.33609428624888
12.25122752761731
17.166202395254746
7.555274576900269
-29.030587122995772
-0.3779383042198595
-6.8633467625922
-1.5000657163326736
-29.165806590305344
22.204756314141864
-20.171211475032674
-0.26650451982515266
27.24701481338583
-7.222972759992768
-10.267855095760533
-20.30542194070678
5.6602108172212535
-21.346003216398035
-15.014125227605167
-14.490264414664043
-21.554773968726998
-19.643211041319695
22.40513728821884
3.4862706553338514
