-39.11858050296377
-5.087068047391182
6.622567335584773
8.243898338199859
-16.171999923099886
35.64413778837529
-26.183487538160083
-28.884440894542927
-8.950645482236027
-7.619850609288319
38.861692692846
-5.630871845365393
-28.875358640725864
-6.115434396003009
26.996576181390886
7.028630816815047
32.65751678749633
-22.001930508828398
-28.828737026783365
-24.350524485769725
13.264836173451194
-8.197360353327971
20.17446332672701
-33.55285848800715
22.18559988304051
-10.490016983104095
-31.587318682088558
38.01237315800537
-8.083956652779484
9.471490470487506
25.079953996634956
-22.4801095143534
21.57870672096343
-37.20272351244296
12.293756175026129
-8.051144165007292
-9.665558925689954
-2.3614487960843284
38.742748098676316
25.98052290556796
28.761507970702624
-9.88878601267457
-8.619292993039524
19.862001176428215
33.633446114956826
30.023115767694645
5.716211885830074
25.805763722004045
-23.106982352751935
27.35332032762155
-17.828719348403485
29.898479381026966
9.85331629838045
-24.677785326612586
-5.597860530606003
-35.59568407401995
-17.366958075104762
-11.691468754433533
-37.72954305547225
6.308021812689798
10.679996783053925
7.938880842621029
37.72150367735389
2.14824544724441
-21.186757834100444
-33.860099438388794
38.38453640083165
10.693679351075469
-3.503225261043365
-7.760817294087716
35.39895845253661
16.931729250238323
11.546892529390991
27.74245400490717
26.40124085531407
-13.214587644212719
-23.09163369851628
29.868898984176973
5.119504539347737
-33.54798010935632
21.173655892496
-35.67862869914822
-9.207563555472957
-15.564582471760795
18.077006126057324
-29.641499690245666
-19.864625484303808
11.046804320874003
8.542780622263
-37.48318307636382
12.069787259417122
37.68283551554983
5.8586809966432485
29.2842189312239
24.22732252765437
12.468815690720557
-28.448125714998508
16.33497003682308
22.888269860339662
10.073699435867026
-38.707449497327694
-0.5039177389598127
-9.1511290167896
-2.000087621776898
-38.887742120407125
29.606341752189152
-26.8949486333769
-0.35533935976687026
36.329353084514445
-9.630630346657025
-13.690473461014044
-27.073895920942373
7.546947756295005
-28.461337621864047
-20.01883363680689
-19.320352552885392
-28.739698624969332
-26.190948055092925
29.873516384291786
4.6483608737784685
